13
HHV6_U47_556M6glycoprotei_FJ610438.1   0.0000000 0.0097264 0.0146294 0.0146168 0.0146294 0.0146294 0.0146294 0.0146168 0.0195597 0.0195831 0.0399094 0.0893242 0.0951228 
HHV6_U47_538M6glycoprotei_FJ610436.1   0.0097264 0.0000000 0.0048512 0.0048470 0.0048512 0.0048512 0.0048512 0.0048470 0.0097290 0.0097395 0.0297720 0.0783599 0.0840608 
HHV6_U47_503M6glycoprotei_FJ610432.1   0.0146294 0.0048512 0.0000000 0.0097206 0.0097290 0.0097290 0.0097290 0.0097206 0.0146332 0.0146507 0.0348312 0.0838348 0.0895845 
HHV6_U47_458M6Giglycoprotei_FJ610423.1 0.0146168 0.0048470 0.0097206 0.0000000 0.0097206 0.0097206 0.0097206 0.0097123 0.0146206 0.0146381 0.0348013 0.0837619 0.0840608 
HHV6_U47_206M18glycoprotei_FJ610416.1  0.0146294 0.0048512 0.0097290 0.0097206 0.0000000 0.0097290 0.0097290 0.0097206 0.0146332 0.0146507 0.0348312 0.0838348 0.0895845 
HHV6_U47_174M18glycoprotei_FJ610415.1  0.0146294 0.0048512 0.0097290 0.0097206 0.0097290 0.0000000 0.0097290 0.0097206 0.0146332 0.0146507 0.0348312 0.0838348 0.0895845 
HHV6_U47_151M18glycoprotei_FJ610411.1  0.0146294 0.0048512 0.0097290 0.0097206 0.0097290 0.0097290 0.0000000 0.0097206 0.0146332 0.0146507 0.0348312 0.0838348 0.0895845 
HHV6_U47_39M18Giglycoprotei_FJ610401.1 0.0146168 0.0048470 0.0097206 0.0097123 0.0097206 0.0097206 0.0097206 0.0000000 0.0146206 0.0146381 0.0348013 0.0837619 0.0895065 
HHV6_U47_219M18glycoprotei_FJ610417.1  0.0195597 0.0097290 0.0146332 0.0146206 0.0146332 0.0146332 0.0146332 0.0146206 0.0000000 0.0195882 0.0399191 0.0783079 0.0840045 
HHV6_U47_168M18glycoprotei_FJ610413.1  0.0195831 0.0097395 0.0146507 0.0146381 0.0146507 0.0146507 0.0146507 0.0146381 0.0195882 0.0000000 0.0399686 0.0894622 0.0952704 
HHV6A_outgroup_KP257584.1              0.0399094 0.0297720 0.0348312 0.0348013 0.0348312 0.0348312 0.0348312 0.0348013 0.0399191 0.0399686 0.0000000 0.0777210 0.0833693 
HHV6_U47_540M6glycoprotei_FJ610437.1   0.0893242 0.0783599 0.0838348 0.0837619 0.0838348 0.0838348 0.0838348 0.0837619 0.0783079 0.0894622 0.0777210 0.0000000 0.0048429 
HHV6_U47_467M6Giglycoprotei_FJ610426.1 0.0951228 0.0840608 0.0895845 0.0840608 0.0895845 0.0895845 0.0895845 0.0895065 0.0840045 0.0952704 0.0833693 0.0048429 0.0000000 
