22
HHV6_U39_TCHB1glycoprotei_MH680932.1   0.0000000 0.0004031 0.0004052 0.0008113 0.0012404 0.0012397 0.0016722 0.0008256 0.0021455 0.0021282 0.0021132 0.0071531 0.0077034 0.0050624 0.0112437 0.0106732 0.0106759 0.0101122 0.0125334 0.0100598 0.0066943 0.0826464 
HHV6_U39_3410glycoprotei_KT246137.1    0.0004031 0.0000000 0.0008152 0.0012253 0.0016648 0.0016639 0.0021025 0.0012457 0.0025897 0.0025699 0.0025505 0.0076724 0.0082297 0.0055533 0.0118184 0.0112408 0.0112437 0.0106732 0.0131259 0.0106168 0.0072119 0.0836034 
HHV6_U39__OR643889.1                   0.0004052 0.0008152 0.0000000 0.0012314 0.0016731 0.0016722 0.0021129 0.0012521 0.0026028 0.0025817 0.0025631 0.0077034 0.0082616 0.0055786 0.0118522 0.0112750 0.0112778 0.0107074 0.0131585 0.0106508 0.0072421 0.0835674 
HHV6_U39_3612glycoprotei_KT246138.1    0.0008113 0.0012253 0.0012314 0.0000000 0.0020938 0.0020926 0.0025383 0.0016721 0.0021455 0.0030164 0.0029935 0.0071531 0.0077034 0.0060510 0.0124035 0.0118184 0.0106759 0.0101122 0.0125334 0.0111831 0.0077372 0.0845855 
HHV6_U39_605505glycoprotei_KT246140.1  0.0012404 0.0016648 0.0016731 0.0020938 0.0000000 0.0008117 0.0012321 0.0012320 0.0025599 0.0026037 0.0034866 0.0055595 0.0060832 0.0066406 0.0094510 0.0100017 0.0089066 0.0094510 0.0106803 0.0107454 0.0073083 0.0854824 
HHV6_U39_6071057glycoprotei_KT246139.1 0.0012397 0.0016639 0.0016722 0.0020926 0.0008117 0.0000000 0.0004052 0.0012313 0.0025584 0.0026021 0.0034845 0.0055560 0.0060794 0.0056252 0.0094449 0.0088986 0.0089008 0.0083608 0.0106732 0.0096198 0.0083690 0.0854251 
HHV6_U39_5559glycoprotei_KT246134.1    0.0016722 0.0021025 0.0021129 0.0025383 0.0012321 0.0004052 0.0000000 0.0016596 0.0030171 0.0030687 0.0039613 0.0060794 0.0055563 0.0061545 0.0088683 0.0083289 0.0083310 0.0077976 0.0100786 0.0090377 0.0089431 0.0854251 
HHV6_U39_539395glycoprotei_KT246135.1  0.0008256 0.0012457 0.0012521 0.0016721 0.0012320 0.0012313 0.0016596 0.0000000 0.0021286 0.0030685 0.0030446 0.0060273 0.0065563 0.0051046 0.0099637 0.0094113 0.0094136 0.0088678 0.0112095 0.0101432 0.0078636 0.0825671 
HHV6_U39_534413glycoprotei_KT246132.1  0.0021455 0.0025897 0.0026028 0.0021455 0.0025599 0.0025584 0.0030171 0.0021286 0.0000000 0.0035116 0.0045198 0.0055560 0.0060794 0.0066364 0.0092240 0.0086873 0.0076373 0.0071195 0.0093314 0.0093952 0.0073036 0.0817774 
HHV6_U39_1850glycoprotei_KT246133.1    0.0021282 0.0025699 0.0025817 0.0030164 0.0026037 0.0026021 0.0030687 0.0030685 0.0035116 0.0000000 0.0044819 0.0066650 0.0072095 0.0055772 0.0107048 0.0112723 0.0101439 0.0107048 0.0119761 0.0106483 0.0072403 0.0854834 
HHV6_U39__MW536483.1                   0.0021132 0.0025505 0.0025631 0.0029935 0.0034866 0.0034845 0.0039613 0.0030446 0.0045198 0.0044819 0.0000000 0.0099996 0.0105908 0.0077317 0.0144010 0.0137914 0.0137948 0.0131930 0.0157813 0.0131181 0.0095260 0.0872926 
HHV6_U39_538449glycoprotei_KT246131.1  0.0071531 0.0076724 0.0077034 0.0071531 0.0055595 0.0055560 0.0060794 0.0060273 0.0055560 0.0066650 0.0099996 0.0000000 0.0004053 0.0025262 0.0039431 0.0044065 0.0025824 0.0030312 0.0039916 0.0049800 0.0039748 0.0846279 
HHV6_U39_3244glycoprotei_KT246130.1    0.0077034 0.0082297 0.0082616 0.0077034 0.0060832 0.0060794 0.0055563 0.0065563 0.0060794 0.0072095 0.0105908 0.0004053 0.0000000 0.0029789 0.0034685 0.0039248 0.0021289 0.0025707 0.0035120 0.0044815 0.0044628 0.0846279 
HHV6_U39__MN242397.1                   0.0050624 0.0055533 0.0055786 0.0060510 0.0066406 0.0056252 0.0061545 0.0051046 0.0066364 0.0055772 0.0077317 0.0025262 0.0029789 0.0000000 0.0059019 0.0054153 0.0054166 0.0049357 0.0069753 0.0049171 0.0039239 0.0827826 
HHV6_U39_5261138glycoprotei_KT246129.1 0.0112437 0.0118184 0.0118522 0.0124035 0.0094510 0.0094449 0.0088683 0.0099637 0.0092240 0.0107048 0.0144010 0.0039431 0.0034685 0.0059019 0.0000000 0.0012251 0.0012254 0.0016435 0.0025256 0.0025496 0.0044815 0.0800665 
HHV6_U39_540884glycoprotei_KT246128.1  0.0106732 0.0112408 0.0112750 0.0118184 0.0100017 0.0088986 0.0083289 0.0094113 0.0086873 0.0112723 0.0137914 0.0044065 0.0039248 0.0054153 0.0012251 0.0000000 0.0016435 0.0012251 0.0029639 0.0021120 0.0049584 0.0800436 
HHV6_U39_HSTglycoprotei_KT246126.1     0.0106759 0.0112437 0.0112778 0.0106759 0.0089066 0.0089008 0.0083310 0.0094136 0.0076373 0.0101439 0.0137948 0.0025824 0.0021289 0.0054166 0.0012254 0.0016435 0.0000000 0.0004032 0.0012395 0.0021125 0.0040110 0.0819997 
HHV6_U39_5381254glycoprotei_KT246124.1 0.0101122 0.0106732 0.0107074 0.0101122 0.0094510 0.0083608 0.0077976 0.0088678 0.0071195 0.0107048 0.0131930 0.0030312 0.0025707 0.0049357 0.0016435 0.0012251 0.0004032 0.0000000 0.0016636 0.0016789 0.0044815 0.0810212 
HHV6_U39_BLAglycoprotei_KT246125.1     0.0125334 0.0131259 0.0131585 0.0125334 0.0106803 0.0106732 0.0100786 0.0112095 0.0093314 0.0119761 0.0157813 0.0039916 0.0035120 0.0069753 0.0025256 0.0029639 0.0012395 0.0016636 0.0000000 0.0034825 0.0055081 0.0799335 
HHV6_U39_MBEglycoprotei_KT246127.1     0.0100598 0.0106168 0.0106508 0.0111831 0.0107454 0.0096198 0.0090377 0.0101432 0.0093952 0.0106483 0.0131181 0.0049800 0.0044815 0.0049171 0.0025496 0.0021120 0.0021125 0.0016789 0.0034825 0.0000000 0.0044661 0.0810317 
HHV6_U39_MARglycoprotei_KT246123.1     0.0066943 0.0072119 0.0072421 0.0077372 0.0073083 0.0083690 0.0089431 0.0078636 0.0073036 0.0072403 0.0095260 0.0039748 0.0044628 0.0039239 0.0044815 0.0049584 0.0040110 0.0044815 0.0055081 0.0044661 0.0000000 0.0817908 
HHV6A_outgroup_KP257584.1              0.0826464 0.0836034 0.0835674 0.0845855 0.0854824 0.0854251 0.0854251 0.0825671 0.0817774 0.0854834 0.0872926 0.0846279 0.0846279 0.0827826 0.0800665 0.0800436 0.0819997 0.0810212 0.0799335 0.0810317 0.0817908 0.0000000 
