42
HHV6B_U83_CVNMT53CCtypechemoki_KF130946.1  0.0000000 0.0024230 0.0148057 0.0024758 0.0024358 0.0024318 0.0024370 0.0025030 0.0024795 0.0026263 0.0024274 0.0024330 0.0024472 0.0024517 0.0024712 0.0025234 0.0025174 0.0024579 0.0024625 0.0025946 0.0025402 0.0024488 0.0024912 0.0025241 0.0024472 0.0026362 0.0148333 0.0148610 0.0148583 0.0148860 0.0173241 0.0198568 0.0198934 0.0178160 0.0178502 0.0173129 0.0210600 0.0210867 0.0048764 0.0088683 0.0059035 0.0764643 
HHV6B_U83_SNO17CCtypechemoki_KF130944.1    0.0024230 0.0000000 0.0123103 0.0000010 0.0000010 0.0000010 0.0000010 0.0000010 0.0000010 0.0000010 0.0000010 0.0000010 0.0000010 0.0000010 0.0000010 0.0000010 0.0000010 0.0000010 0.0000010 0.0000010 0.0000010 0.0000010 0.0000010 0.0000010 0.0000010 0.0000010 0.0123325 0.0123556 0.0123533 0.0123764 0.0148152 0.0173352 0.0173670 0.0152345 0.0152638 0.0148058 0.0180015 0.0180243 0.0024328 0.0058962 0.0029430 0.0725758 
HHV6B_U83_CVNMT44CCtypechemoki_KF130945.1  0.0148057 0.0123103 0.0000000 0.0125830 0.0123768 0.0123556 0.0123830 0.0127260 0.0126069 0.0133617 0.0123325 0.0123618 0.0124354 0.0124587 0.0125592 0.0128291 0.0127977 0.0124907 0.0125142 0.0131980 0.0129171 0.0124440 0.0126656 0.0128346 0.0124356 0.0134130 0.0000010 0.0000010 0.0000010 0.0000010 0.0024269 0.0048674 0.0048674 0.0024946 0.0024946 0.0024254 0.0029316 0.0029352 0.0148259 0.0149465 0.0179990 0.0796234 
HHV6B_U83_ES6_AB443506.1                   0.0024758 0.0000010 0.0125830 0.0000000 0.0000010 0.0000010 0.0000010 0.0000010 0.0000010 0.0000010 0.0000010 0.0000010 0.0000010 0.0000010 0.0000010 0.0000010 0.0000010 0.0000010 0.0000010 0.0000010 0.0000010 0.0000010 0.0000010 0.0000010 0.0000010 0.0000010 0.0126068 0.0126308 0.0125830 0.0126068 0.0150901 0.0177211 0.0177551 0.0152345 0.0152638 0.0151347 0.0180015 0.0180243 0.0024852 0.0058962 0.0029430 0.0725758 
HHV6B_U83_BT552_AB443489.1                 0.0024358 0.0000010 0.0123768 0.0000010 0.0000000 0.0000010 0.0000010 0.0000010 0.0000010 0.0000010 0.0000010 0.0000010 0.0000010 0.0000010 0.0000010 0.0000010 0.0000010 0.0000010 0.0000010 0.0000010 0.0000010 0.0000010 0.0000010 0.0000010 0.0000010 0.0000010 0.0123996 0.0124228 0.0123764 0.0123996 0.0148428 0.0174294 0.0174621 0.0152345 0.0152638 0.0148860 0.0180015 0.0180243 0.0024457 0.0058962 0.0029430 0.0725758 
HHV6B_U83_Z29_AB443461.1                   0.0024318 0.0000010 0.0123556 0.0000010 0.0000010 0.0000000 0.0000010 0.0000010 0.0000010 0.0000010 0.0000010 0.0000010 0.0000010 0.0000010 0.0000010 0.0000010 0.0000010 0.0000010 0.0000010 0.0000010 0.0000010 0.0000010 0.0000010 0.0000010 0.0000010 0.0000010 0.0123556 0.0123556 0.0123764 0.0123996 0.0148706 0.0173670 0.0173998 0.0152638 0.0152932 0.0148333 0.0180422 0.0180650 0.0000010 0.0029485 0.0000010 0.0725758 
HHV6B_U83_ES1_AB443500.1                   0.0024370 0.0000010 0.0123830 0.0000010 0.0000010 0.0000010 0.0000000 0.0000010 0.0000010 0.0000010 0.0000010 0.0000010 0.0000010 0.0000010 0.0000010 0.0000010 0.0000010 0.0000010 0.0000010 0.0000010 0.0000010 0.0000010 0.0000010 0.0000010 0.0000010 0.0000010 0.0124058 0.0124291 0.0124268 0.0124501 0.0149031 0.0174383 0.0174710 0.0153278 0.0153574 0.0148935 0.0180015 0.0180243 0.0024469 0.0058962 0.0029430 0.0725758 
HHV6B_U83_ES6_AB443507.1                   0.0025030 0.0000010 0.0127260 0.0000010 0.0000010 0.0000010 0.0000010 0.0000000 0.0000010 0.0000010 0.0000010 0.0000010 0.0000010 0.0000010 0.0000010 0.0000010 0.0000010 0.0000010 0.0000010 0.0000010 0.0000010 0.0000010 0.0000010 0.0000010 0.0000010 0.0000010 0.0127511 0.0127756 0.0127266 0.0127511 0.0152622 0.0179250 0.0179596 0.0153074 0.0153369 0.0153074 0.0180015 0.0180243 0.0025135 0.0058962 0.0029430 0.0725758 
HHV6B_U83_BT499_AB443485.1                 0.0024795 0.0000010 0.0126069 0.0000010 0.0000010 0.0000010 0.0000010 0.0000010 0.0000000 0.0000010 0.0000010 0.0000010 0.0000010 0.0000010 0.0000010 0.0000010 0.0000010 0.0000010 0.0000010 0.0000010 0.0000010 0.0000010 0.0000010 0.0000010 0.0000010 0.0000010 0.0126308 0.0126549 0.0126068 0.0126308 0.0151187 0.0177551 0.0177891 0.0152345 0.0152638 0.0151634 0.0180015 0.0180243 0.0024899 0.0058962 0.0029430 0.0725758 
HHV6B_U83_BT552_AB443492.1                 0.0026263 0.0000010 0.0133617 0.0000010 0.0000010 0.0000010 0.0000010 0.0000010 0.0000010 0.0000000 0.0000010 0.0000010 0.0000010 0.0000010 0.0000010 0.0000010 0.0000010 0.0000010 0.0000010 0.0000010 0.0000010 0.0000010 0.0000010 0.0000010 0.0000010 0.0000010 0.0133884 0.0134155 0.0133615 0.0133884 0.0160231 0.0188251 0.0188632 0.0160735 0.0161060 0.0160735 0.0180015 0.0180243 0.0026379 0.0058962 0.0029430 0.0725758 
HHV6B_U83_ES12_AB443514.1                  0.0024274 0.0000010 0.0123325 0.0000010 0.0000010 0.0000010 0.0000010 0.0000010 0.0000010 0.0000010 0.0000000 0.0000010 0.0000010 0.0000010 0.0000010 0.0000010 0.0000010 0.0000010 0.0000010 0.0000010 0.0000010 0.0000010 0.0000010 0.0000010 0.0000010 0.0000010 0.0123325 0.0123556 0.0123533 0.0123764 0.0148429 0.0173352 0.0173670 0.0152345 0.0152638 0.0148058 0.0180015 0.0180243 0.0000010 0.0029419 0.0000010 0.0725758 
HHV6B_U83_ES7_AB443509.1                   0.0024330 0.0000010 0.0123618 0.0000010 0.0000010 0.0000010 0.0000010 0.0000010 0.0000010 0.0000010 0.0000010 0.0000000 0.0000010 0.0000010 0.0000010 0.0000010 0.0000010 0.0000010 0.0000010 0.0000010 0.0000010 0.0000010 0.0000010 0.0000010 0.0000010 0.0000010 0.0123618 0.0123849 0.0123826 0.0124058 0.0148781 0.0173759 0.0174087 0.0152718 0.0153012 0.0148408 0.0180015 0.0180243 0.0000010 0.0029419 0.0000010 0.0725758 
HHV6B_U83_BT562_AB443493.1                 0.0024472 0.0000010 0.0124354 0.0000010 0.0000010 0.0000010 0.0000010 0.0000010 0.0000010 0.0000010 0.0000010 0.0000010 0.0000000 0.0000010 0.0000010 0.0000010 0.0000010 0.0000010 0.0000010 0.0000010 0.0000010 0.0000010 0.0000010 0.0000010 0.0000010 0.0000010 0.0124354 0.0124587 0.0124564 0.0124798 0.0149666 0.0174799 0.0175128 0.0153654 0.0153951 0.0149289 0.0180015 0.0180243 0.0000010 0.0029419 0.0000010 0.0725758 
HHV6B_U83_ES1_AB443501.1                   0.0024517 0.0000010 0.0124587 0.0000010 0.0000010 0.0000010 0.0000010 0.0000010 0.0000010 0.0000010 0.0000010 0.0000010 0.0000010 0.0000000 0.0000010 0.0000010 0.0000010 0.0000010 0.0000010 0.0000010 0.0000010 0.0000010 0.0000010 0.0000010 0.0000010 0.0000010 0.0124587 0.0124822 0.0124798 0.0125033 0.0149948 0.0175128 0.0175457 0.0153951 0.0154249 0.0149569 0.0180015 0.0180243 0.0000010 0.0029419 0.0000010 0.0725758 
HHV6B_U83_M2_AB443495.1                    0.0024712 0.0000010 0.0125592 0.0000010 0.0000010 0.0000010 0.0000010 0.0000010 0.0000010 0.0000010 0.0000010 0.0000010 0.0000010 0.0000010 0.0000000 0.0000010 0.0000010 0.0000010 0.0000010 0.0000010 0.0000010 0.0000010 0.0000010 0.0000010 0.0000010 0.0000010 0.0125592 0.0125830 0.0125355 0.0125592 0.0150616 0.0176544 0.0176872 0.0152345 0.0152638 0.0150775 0.0180015 0.0180243 0.0000010 0.0029419 0.0000010 0.0725758 
HHV6B_U83_AB84_AB443472.1                  0.0025234 0.0000010 0.0128291 0.0000010 0.0000010 0.0000010 0.0000010 0.0000010 0.0000010 0.0000010 0.0000010 0.0000010 0.0000010 0.0000010 0.0000010 0.0000000 0.0000010 0.0000010 0.0000010 0.0000010 0.0000010 0.0000010 0.0000010 0.0000010 0.0000010 0.0000010 0.0128291 0.0128539 0.0128044 0.0128291 0.0153848 0.0180353 0.0180702 0.0154014 0.0154312 0.0154014 0.0180015 0.0180243 0.0000010 0.0029419 0.0000010 0.0725758 
HHV6B_U83_BT451_AB443483.1                 0.0025174 0.0000010 0.0127977 0.0000010 0.0000010 0.0000010 0.0000010 0.0000010 0.0000010 0.0000010 0.0000010 0.0000010 0.0000010 0.0000010 0.0000010 0.0000010 0.0000000 0.0000010 0.0000010 0.0000010 0.0000010 0.0000010 0.0000010 0.0000010 0.0000010 0.0000010 0.0127977 0.0128224 0.0127731 0.0127977 0.0153472 0.0179910 0.0180258 0.0153637 0.0153934 0.0153637 0.0180015 0.0180243 0.0000010 0.0029419 0.0000010 0.0725758 
HHV6B_U83_ES5_AB443505.1                   0.0024579 0.0000010 0.0124907 0.0000010 0.0000010 0.0000010 0.0000010 0.0000010 0.0000010 0.0000010 0.0000010 0.0000010 0.0000010 0.0000010 0.0000010 0.0000010 0.0000010 0.0000000 0.0000010 0.0000010 0.0000010 0.0000010 0.0000010 0.0000010 0.0000010 0.0000010 0.0124907 0.0125142 0.0124672 0.0124907 0.0149795 0.0175578 0.0175909 0.0152345 0.0152638 0.0149952 0.0180015 0.0180243 0.0000010 0.0029419 0.0000010 0.0725758 
HHV6B_U83_ES3_AB443503.1                   0.0024625 0.0000010 0.0125142 0.0000010 0.0000010 0.0000010 0.0000010 0.0000010 0.0000010 0.0000010 0.0000010 0.0000010 0.0000010 0.0000010 0.0000010 0.0000010 0.0000010 0.0000010 0.0000000 0.0000010 0.0000010 0.0000010 0.0000010 0.0000010 0.0000010 0.0000010 0.0125142 0.0125378 0.0124907 0.0125142 0.0150077 0.0175909 0.0176242 0.0152345 0.0152638 0.0150235 0.0180015 0.0180243 0.0000010 0.0029419 0.0000010 0.0725758 
HHV6B_U83_BT451_AB443482.1                 0.0025946 0.0000010 0.0131980 0.0000010 0.0000010 0.0000010 0.0000010 0.0000010 0.0000010 0.0000010 0.0000010 0.0000010 0.0000010 0.0000010 0.0000010 0.0000010 0.0000010 0.0000010 0.0000010 0.0000000 0.0000010 0.0000010 0.0000010 0.0000010 0.0000010 0.0000010 0.0132237 0.0132501 0.0131973 0.0132237 0.0158267 0.0185930 0.0186302 0.0158761 0.0159078 0.0158761 0.0180015 0.0180243 0.0026059 0.0058962 0.0029430 0.0725758 
HHV6B_U83_BT415_AB443477.1                 0.0025402 0.0000010 0.0129171 0.0000010 0.0000010 0.0000010 0.0000010 0.0000010 0.0000010 0.0000010 0.0000010 0.0000010 0.0000010 0.0000010 0.0000010 0.0000010 0.0000010 0.0000010 0.0000010 0.0000010 0.0000000 0.0000010 0.0000010 0.0000010 0.0000010 0.0000010 0.0129425 0.0129678 0.0129173 0.0129425 0.0154907 0.0181952 0.0182308 0.0155377 0.0155680 0.0155377 0.0180015 0.0180243 0.0025510 0.0058962 0.0029430 0.0725758 
HHV6B_U83_ES18_AB443527.1                  0.0024488 0.0000010 0.0124440 0.0000010 0.0000010 0.0000010 0.0000010 0.0000010 0.0000010 0.0000010 0.0000010 0.0000010 0.0000010 0.0000010 0.0000010 0.0000010 0.0000010 0.0000010 0.0000010 0.0000010 0.0000010 0.0000000 0.0000010 0.0000010 0.0000010 0.0000010 0.0124672 0.0124907 0.0124438 0.0124672 0.0149234 0.0175247 0.0175578 0.0152345 0.0152638 0.0149671 0.0180015 0.0180243 0.0024589 0.0058962 0.0029430 0.0725758 
HHV6B_U83_BT451_AB443484.1                 0.0024912 0.0000010 0.0126656 0.0000010 0.0000010 0.0000010 0.0000010 0.0000010 0.0000010 0.0000010 0.0000010 0.0000010 0.0000010 0.0000010 0.0000010 0.0000010 0.0000010 0.0000010 0.0000010 0.0000010 0.0000010 0.0000010 0.0000000 0.0000010 0.0000010 0.0000010 0.0126907 0.0127149 0.0126665 0.0126907 0.0151901 0.0178397 0.0178740 0.0152345 0.0152638 0.0152345 0.0180015 0.0180243 0.0025017 0.0058962 0.0029430 0.0725758 
HHV6B_U83_ES16_AB443521.1                  0.0025241 0.0000010 0.0128346 0.0000010 0.0000010 0.0000010 0.0000010 0.0000010 0.0000010 0.0000010 0.0000010 0.0000010 0.0000010 0.0000010 0.0000010 0.0000010 0.0000010 0.0000010 0.0000010 0.0000010 0.0000010 0.0000010 0.0000010 0.0000000 0.0000010 0.0000010 0.0128598 0.0128847 0.0128822 0.0129073 0.0154487 0.0180786 0.0181137 0.0159058 0.0159376 0.0154383 0.0180015 0.0180243 0.0025348 0.0058962 0.0029430 0.0725758 
HHV6B_U83_Z29_AB443460.1                   0.0024472 0.0000010 0.0124356 0.0000010 0.0000010 0.0000010 0.0000010 0.0000010 0.0000010 0.0000010 0.0000010 0.0000010 0.0000010 0.0000010 0.0000010 0.0000010 0.0000010 0.0000010 0.0000010 0.0000010 0.0000010 0.0000010 0.0000010 0.0000010 0.0000000 0.0000010 0.0124587 0.0124822 0.0124798 0.0125033 0.0149666 0.0175128 0.0175457 0.0153951 0.0154249 0.0149569 0.0180015 0.0180243 0.0024572 0.0058962 0.0029430 0.0725758 
HHV6B_U83_BT552_AB443490.1                 0.0026362 0.0000010 0.0134130 0.0000010 0.0000010 0.0000010 0.0000010 0.0000010 0.0000010 0.0000010 0.0000010 0.0000010 0.0000010 0.0000010 0.0000010 0.0000010 0.0000010 0.0000010 0.0000010 0.0000010 0.0000010 0.0000010 0.0000010 0.0000010 0.0000010 0.0000000 0.0134399 0.0134672 0.0134128 0.0134399 0.0160846 0.0188979 0.0189363 0.0161354 0.0161681 0.0161354 0.0180015 0.0180243 0.0026478 0.0058962 0.0029430 0.0725758 
HHV6B_U83_ES21_AB443529.1                  0.0148333 0.0123325 0.0000010 0.0126068 0.0123996 0.0123556 0.0124058 0.0127511 0.0126308 0.0133884 0.0123325 0.0123618 0.0124354 0.0124587 0.0125592 0.0128291 0.0127977 0.0124907 0.0125142 0.0132237 0.0129425 0.0124672 0.0126907 0.0128598 0.0124587 0.0134399 0.0000000 0.0000010 0.0000010 0.0000010 0.0024314 0.0048674 0.0048674 0.0024946 0.0024946 0.0024254 0.0029316 0.0029352 0.0123325 0.0119315 0.0149666 0.0796234 
HHV6B_U83_ES11_AB443513.1                  0.0148610 0.0123556 0.0000010 0.0126308 0.0124228 0.0123556 0.0124291 0.0127756 0.0126549 0.0134155 0.0123556 0.0123849 0.0124587 0.0124822 0.0125830 0.0128539 0.0128224 0.0125142 0.0125378 0.0132501 0.0129678 0.0124907 0.0127149 0.0128847 0.0124822 0.0134672 0.0000010 0.0000000 0.0000010 0.0000010 0.0024358 0.0048764 0.0048764 0.0024993 0.0024993 0.0024298 0.0029381 0.0029417 0.0123556 0.0119584 0.0150004 0.0796234 
HHV6B_U83_BT344_AB443473.1                 0.0148583 0.0123533 0.0000010 0.0125830 0.0123764 0.0123764 0.0124268 0.0127266 0.0126068 0.0133615 0.0123533 0.0123826 0.0124564 0.0124798 0.0125355 0.0128044 0.0127731 0.0124672 0.0124907 0.0131973 0.0129173 0.0124438 0.0126665 0.0128822 0.0124798 0.0134128 0.0000010 0.0000010 0.0000000 0.0000010 0.0024269 0.0048754 0.0048844 0.0024899 0.0024946 0.0024294 0.0029316 0.0029352 0.0123533 0.0119048 0.0149330 0.0796234 
HHV6B_U83_AB69_AB443470.1                  0.0148860 0.0123764 0.0000010 0.0126068 0.0123996 0.0123996 0.0124501 0.0127511 0.0126308 0.0133884 0.0123764 0.0124058 0.0124798 0.0125033 0.0125592 0.0128291 0.0127977 0.0124907 0.0125142 0.0132237 0.0129425 0.0124672 0.0126907 0.0129073 0.0125033 0.0134399 0.0000010 0.0000010 0.0000010 0.0000000 0.0024314 0.0048844 0.0048844 0.0024946 0.0024946 0.0024338 0.0029316 0.0029352 0.0123764 0.0119315 0.0149666 0.0796234 
HHV6B_U83_BT344_AB443474.1                 0.0173241 0.0148152 0.0024269 0.0150901 0.0148428 0.0148706 0.0149031 0.0152622 0.0151187 0.0160231 0.0148429 0.0148781 0.0149666 0.0149948 0.0150616 0.0153848 0.0153472 0.0149795 0.0150077 0.0158267 0.0154907 0.0149234 0.0151901 0.0154487 0.0149666 0.0160846 0.0024314 0.0024358 0.0024269 0.0024314 0.0000000 0.0073224 0.0073359 0.0049859 0.0049953 0.0048643 0.0058717 0.0058789 0.0173478 0.0179220 0.0209836 0.0833906 
HHV6B_U83_StW_AB443499.1                   0.0198568 0.0173352 0.0048674 0.0177211 0.0174294 0.0173670 0.0174383 0.0179250 0.0177551 0.0188251 0.0173352 0.0173759 0.0174799 0.0175128 0.0176544 0.0180353 0.0179910 0.0175578 0.0175909 0.0185930 0.0181952 0.0175247 0.0178397 0.0180786 0.0175128 0.0188979 0.0048674 0.0048764 0.0048754 0.0048844 0.0073224 0.0000000 0.0000010 0.0075130 0.0075273 0.0073044 0.0088555 0.0088664 0.0173352 0.0179837 0.0210557 0.0836079 
HHV6B_U83_StW_AB443498.1                   0.0198934 0.0173670 0.0048674 0.0177551 0.0174621 0.0173998 0.0174710 0.0179596 0.0177891 0.0188632 0.0173670 0.0174087 0.0175128 0.0175457 0.0176872 0.0180702 0.0180258 0.0175909 0.0176242 0.0186302 0.0182308 0.0175578 0.0178740 0.0181137 0.0175457 0.0189363 0.0048674 0.0048764 0.0048844 0.0048844 0.0073359 0.0000010 0.0000000 0.0075273 0.0075273 0.0073178 0.0088555 0.0088664 0.0173670 0.0180243 0.0211033 0.0836079 
HHV6B_U83_BT449_AB443481.1                 0.0178160 0.0152345 0.0024946 0.0152345 0.0152345 0.0152638 0.0153278 0.0153074 0.0152345 0.0160735 0.0152345 0.0152718 0.0153654 0.0153951 0.0152345 0.0154014 0.0153637 0.0152345 0.0152345 0.0158761 0.0155377 0.0152345 0.0152345 0.0159058 0.0153951 0.0161354 0.0024946 0.0024993 0.0024899 0.0024946 0.0049859 0.0075130 0.0075273 0.0000000 0.0000010 0.0049910 0.0058789 0.0058861 0.0152345 0.0149214 0.0179697 0.0835240 
HHV6B_U83_BT449_AB443480.1                 0.0178502 0.0152638 0.0024946 0.0152638 0.0152638 0.0152932 0.0153574 0.0153369 0.0152638 0.0161060 0.0152638 0.0153012 0.0153951 0.0154249 0.0152638 0.0154312 0.0153934 0.0152638 0.0152638 0.0159078 0.0155680 0.0152638 0.0152638 0.0159376 0.0154249 0.0161681 0.0024946 0.0024993 0.0024946 0.0024946 0.0049953 0.0075273 0.0075273 0.0000010 0.0000000 0.0050004 0.0058789 0.0058861 0.0152638 0.0149550 0.0180102 0.0835240 
HHV6B_U83_ES21_AB443528.1                  0.0173129 0.0148058 0.0024254 0.0151347 0.0148860 0.0148333 0.0148935 0.0153074 0.0151634 0.0160735 0.0148058 0.0148408 0.0149289 0.0149569 0.0150775 0.0154014 0.0153637 0.0149952 0.0150235 0.0158761 0.0155377 0.0149671 0.0152345 0.0154383 0.0149569 0.0161354 0.0024254 0.0024298 0.0024294 0.0024338 0.0048643 0.0073044 0.0073178 0.0049910 0.0050004 0.0000000 0.0058789 0.0058861 0.0148058 0.0149214 0.0179697 0.0835240 
HHV6B_U83_ZambiaHIVN35dcchemoki_KP128824.1 0.0210600 0.0180015 0.0029316 0.0180015 0.0180015 0.0180422 0.0180015 0.0180015 0.0180015 0.0180015 0.0180015 0.0180015 0.0180015 0.0180015 0.0180015 0.0180015 0.0180015 0.0180015 0.0180015 0.0180015 0.0180015 0.0180015 0.0180015 0.0180015 0.0180015 0.0180015 0.0029316 0.0029381 0.0029316 0.0029316 0.0058717 0.0088555 0.0088555 0.0058789 0.0058789 0.0058789 0.0000000 0.0058834 0.0180015 0.0149478 0.0180015 0.0834730 
HHV6B_U83_UKCDchemoki_KP128819.1           0.0210867 0.0180243 0.0029352 0.0180243 0.0180243 0.0180650 0.0180243 0.0180243 0.0180243 0.0180243 0.0180243 0.0180243 0.0180243 0.0180243 0.0180243 0.0180243 0.0180243 0.0180243 0.0180243 0.0180243 0.0180243 0.0180243 0.0180243 0.0180243 0.0180243 0.0180243 0.0029352 0.0029417 0.0029352 0.0029352 0.0058789 0.0088664 0.0088664 0.0058861 0.0058861 0.0058861 0.0058834 0.0000000 0.0180243 0.0149666 0.0180243 0.0836079 
HHV6B_U83_ES13_AB443516.1                  0.0048764 0.0024328 0.0148259 0.0024852 0.0024457 0.0000010 0.0024469 0.0025135 0.0024899 0.0026379 0.0000010 0.0000010 0.0000010 0.0000010 0.0000010 0.0000010 0.0000010 0.0000010 0.0000010 0.0026059 0.0025510 0.0024589 0.0025017 0.0025348 0.0024572 0.0026478 0.0123325 0.0123556 0.0123533 0.0123764 0.0173478 0.0173352 0.0173670 0.0152345 0.0152638 0.0148058 0.0180015 0.0180243 0.0000000 0.0029315 0.0000010 0.0725758 
HHV6B_U83_ZambiaHIVN19chemoki_KP128822.1   0.0088683 0.0058962 0.0149465 0.0058962 0.0058962 0.0029485 0.0058962 0.0058962 0.0058962 0.0058962 0.0029419 0.0029419 0.0029419 0.0029419 0.0029419 0.0029419 0.0029419 0.0029419 0.0029419 0.0058962 0.0058962 0.0058962 0.0058962 0.0058962 0.0058962 0.0058962 0.0119315 0.0119584 0.0119048 0.0119315 0.0179220 0.0179837 0.0180243 0.0149214 0.0149550 0.0149214 0.0149478 0.0149666 0.0029315 0.0000000 0.0029315 0.0763424 
HHV6B_U83_ZambiaHIVN8chemoki_KP128821.1    0.0059035 0.0029430 0.0179990 0.0029430 0.0029430 0.0000010 0.0029430 0.0029430 0.0029430 0.0029430 0.0000010 0.0000010 0.0000010 0.0000010 0.0000010 0.0000010 0.0000010 0.0000010 0.0000010 0.0029430 0.0029430 0.0029430 0.0029430 0.0029430 0.0029430 0.0029430 0.0149666 0.0150004 0.0149330 0.0149666 0.0209836 0.0210557 0.0211033 0.0179697 0.0180102 0.0179697 0.0180015 0.0180243 0.0000010 0.0029315 0.0000000 0.0725758 
HHV6A_outgroup_KP257584.1                  0.0764643 0.0725758 0.0796234 0.0725758 0.0725758 0.0725758 0.0725758 0.0725758 0.0725758 0.0725758 0.0725758 0.0725758 0.0725758 0.0725758 0.0725758 0.0725758 0.0725758 0.0725758 0.0725758 0.0725758 0.0725758 0.0725758 0.0725758 0.0725758 0.0725758 0.0725758 0.0796234 0.0796234 0.0796234 0.0796234 0.0833906 0.0836079 0.0836079 0.0835240 0.0835240 0.0835240 0.0834730 0.0836079 0.0725758 0.0763424 0.0725758 0.0000000 
