6
HHV6_U69_TCHB1pho_MH680933.1 0.0000000 0.0013738 0.0027481 0.0013744 0.0013738 0.0529540 
HHV6_U69_6B_AB283020.1       0.0013738 0.0000000 0.0041294 0.0027543 0.0027531 0.0544862 
HHV6_U69__MW536483.1         0.0027481 0.0041294 0.0000000 0.0041312 0.0041294 0.0559173 
HHV6_U69_ES18_AB480279.1     0.0013744 0.0027543 0.0041312 0.0000000 0.0027543 0.0530103 
HHV6_U69_AB84_AB480256.1     0.0013738 0.0027531 0.0041294 0.0027543 0.0000000 0.0544862 
HHV6A_outgroup_KP257584.1    0.0529540 0.0544862 0.0559173 0.0530103 0.0544862 0.0000000 
