26
HHV6_U90_1941ge_PV980308.1 0.0000000 0.0046497 0.0069872 0.0359326 0.0334964 0.0383876 0.0384008 0.0359326 0.0407916 0.0384647 0.0384333 0.0384333 0.0384647 0.0359873 0.0384333 0.0384593 0.0384461 0.0385048 0.0385048 0.0385234 0.0360471 0.0385871 0.7494189 0.7443220 0.9686605 0.7273935 
HHV6_U90_1904ge_PV980304.1 0.0046497 0.0000000 0.0023223 0.0359326 0.0334964 0.0383876 0.0384008 0.0359326 0.0407916 0.0384647 0.0384333 0.0384333 0.0384647 0.0359873 0.0384333 0.0384593 0.0384461 0.0385048 0.0385048 0.0385234 0.0360471 0.0385871 0.7432095 0.7443220 0.9686605 0.7273935 
HHV6_U90_1495ge_PV980281.1 0.0069872 0.0023223 0.0000000 0.0335091 0.0310778 0.0359583 0.0359706 0.0335091 0.0383601 0.0360304 0.0360010 0.0360010 0.0360304 0.0335598 0.0360010 0.0360253 0.0360126 0.0360679 0.0360679 0.0360854 0.0360471 0.0385871 0.7386246 0.7398065 0.9501776 0.7228689 
HHV6_U90_1939ge_PV980307.1 0.0359326 0.0359326 0.0335091 0.0000000 0.0023229 0.0023229 0.0023237 0.0023221 0.0046476 0.0023276 0.0023257 0.0023257 0.0023276 0.0023265 0.0046592 0.0046623 0.0046607 0.0046676 0.0046676 0.0046697 0.0046650 0.0070216 0.7412319 0.7362753 0.9091286 0.7302965 
HHV6_U90_1928ge_PV980306.1 0.0334964 0.0334964 0.0310778 0.0023229 0.0000000 0.0046539 0.0046555 0.0046524 0.0069818 0.0046629 0.0046592 0.0046592 0.0046629 0.0023265 0.0046592 0.0046623 0.0046607 0.0046676 0.0046676 0.0046697 0.0046650 0.0070216 0.7471193 0.7420447 0.9091286 0.7360945 
HHV6_U90_1746ge_PV980292.1 0.0383876 0.0383876 0.0359583 0.0023229 0.0046539 0.0000000 0.0046555 0.0046524 0.0069818 0.0046629 0.0046592 0.0046592 0.0046629 0.0046607 0.0069993 0.0070038 0.0070015 0.0070118 0.0070118 0.0070151 0.0070080 0.0093762 0.7359070 0.7310538 0.8877649 0.7250457 
HHV6_U90_1716ge_PV980285.1 0.0384008 0.0384008 0.0359706 0.0023237 0.0046555 0.0046555 0.0000000 0.0046540 0.0069841 0.0046645 0.0046608 0.0046608 0.0046645 0.0046623 0.0070016 0.0070062 0.0070038 0.0070141 0.0070141 0.0070174 0.0070103 0.0093793 0.7412319 0.7362753 0.9091286 0.7302965 
HHV6_U90_2086ge_PV980259.1 0.0359326 0.0359326 0.0335091 0.0023221 0.0046524 0.0046524 0.0046540 0.0000000 0.0069796 0.0046614 0.0046578 0.0046578 0.0046614 0.0046592 0.0069971 0.0070016 0.0069993 0.0070096 0.0070096 0.0070129 0.0070058 0.0093732 0.7412319 0.7362753 0.9091286 0.7302965 
HHV6_U90_1492ge_PV980280.1 0.0407916 0.0407916 0.0383601 0.0046476 0.0069818 0.0069818 0.0069841 0.0069796 0.0000000 0.0069953 0.0069898 0.0069898 0.0069953 0.0069920 0.0093336 0.0093397 0.0093366 0.0093503 0.0093503 0.0093547 0.0093452 0.0117217 0.7504470 0.7453219 0.9448317 0.7394068 
HHV6_U90_1395ge_PV980273.1 0.0384647 0.0384647 0.0360304 0.0023276 0.0046629 0.0046629 0.0046645 0.0046614 0.0069953 0.0000000 0.0046683 0.0046683 0.0046710 0.0046697 0.0070129 0.0070174 0.0070151 0.0070254 0.0070254 0.0070287 0.0070216 0.0093945 0.7499974 0.7448487 0.9480196 0.7388941 
HHV6_U90_HHV6i_PP922043.1  0.0384333 0.0384333 0.0360010 0.0023257 0.0046592 0.0046592 0.0046608 0.0046578 0.0069898 0.0046683 0.0000000 0.0046646 0.0046683 0.0046661 0.0070073 0.0070119 0.0070096 0.0070199 0.0070199 0.0070232 0.0070161 0.0093870 0.7341667 0.7293586 0.8793631 0.7278851 
HHV6_U90_HHV6i_PP921972.1  0.0384333 0.0384333 0.0360010 0.0023257 0.0046592 0.0046592 0.0046608 0.0046578 0.0069898 0.0046683 0.0046646 0.0000000 0.0046683 0.0046661 0.0070073 0.0070119 0.0070096 0.0070199 0.0070199 0.0070232 0.0070161 0.0093870 0.7489788 0.7438536 0.9091286 0.7378979 
HHV6_U90_HHV6i_PP921958.1  0.0384647 0.0384647 0.0360304 0.0023276 0.0046629 0.0046629 0.0046645 0.0046614 0.0069953 0.0046710 0.0046683 0.0046683 0.0000000 0.0046697 0.0070129 0.0070174 0.0070151 0.0070254 0.0070254 0.0070287 0.0070216 0.0093945 0.7499974 0.7448487 0.9091286 0.7388941 
HHV6_U90_1918ge_PV980305.1 0.0359873 0.0359873 0.0335598 0.0023265 0.0023265 0.0046607 0.0046623 0.0046592 0.0069920 0.0046697 0.0046661 0.0046661 0.0046697 0.0000000 0.0023209 0.0023225 0.0023217 0.0023253 0.0023253 0.0023265 0.0023240 0.0046650 0.7495281 0.7443889 0.9091286 0.7384321 
HHV6_U90_1708ge_PV980299.1 0.0384333 0.0384333 0.0360010 0.0046592 0.0046592 0.0069993 0.0070016 0.0069971 0.0093336 0.0070129 0.0070073 0.0070073 0.0070129 0.0023209 0.0000000 0.0046518 0.0046503 0.0046571 0.0046571 0.0046592 0.0046546 0.0070058 0.7549201 0.7496751 0.9307206 0.7437482 
HHV6_U90_1422ge_PV980274.1 0.0384593 0.0384593 0.0360253 0.0046623 0.0046623 0.0070038 0.0070062 0.0070016 0.0093397 0.0070174 0.0070119 0.0070119 0.0070174 0.0023225 0.0046518 0.0000000 0.0046533 0.0046601 0.0046601 0.0046623 0.0046576 0.0070103 0.7558202 0.7505531 0.9347387 0.7446281 
HHV6_U90_HHV6i_PP922036.1  0.0384461 0.0384461 0.0360126 0.0046607 0.0046607 0.0070015 0.0070038 0.0069993 0.0093366 0.0070151 0.0070096 0.0070096 0.0070151 0.0023217 0.0046503 0.0046533 0.0000000 0.0046585 0.0046585 0.0046607 0.0046560 0.0070080 0.7441536 0.7391201 0.8877649 0.7331331 
HHV6_U90_1725ge_PV980287.1 0.0385048 0.0385048 0.0360679 0.0046676 0.0046676 0.0070118 0.0070141 0.0070096 0.0093503 0.0070254 0.0070199 0.0070199 0.0070254 0.0023253 0.0046571 0.0046601 0.0046585 0.0000000 0.0046654 0.0046676 0.0046628 0.0070183 0.7579365 0.7526100 0.9461619 0.7466763 
HHV6_U90_HHV6i_PP921985.1  0.0385048 0.0385048 0.0360679 0.0046676 0.0046676 0.0070118 0.0070141 0.0070096 0.0093503 0.0070254 0.0070199 0.0070199 0.0070254 0.0023253 0.0046571 0.0046601 0.0046585 0.0046654 0.0000000 0.0046676 0.0046628 0.0070183 0.7519570 0.7467527 0.9213093 0.7466763 
HHV6_U90_1306ge_PV980270.1 0.0385234 0.0385234 0.0360854 0.0046697 0.0046697 0.0070151 0.0070174 0.0070129 0.0093547 0.0070287 0.0070232 0.0070232 0.0070287 0.0023265 0.0046592 0.0046623 0.0046607 0.0046676 0.0046676 0.0000000 0.0046650 0.0023251 0.7584107 0.7530746 0.9480196 0.7471432 
HHV6_U90_1437ge_PV980230.1 0.0360471 0.0360471 0.0360471 0.0046650 0.0046650 0.0070080 0.0070103 0.0070058 0.0093452 0.0070216 0.0070161 0.0070161 0.0070216 0.0023240 0.0046546 0.0046576 0.0046560 0.0046628 0.0046628 0.0046650 0.0000000 0.0023259 0.7567458 0.7514515 0.9400119 0.7455213 
HHV6_U90_HHV6i_PP922083.1  0.0385871 0.0385871 0.0385871 0.0070216 0.0070216 0.0093762 0.0093793 0.0093732 0.0117217 0.0093945 0.0093870 0.0093870 0.0093945 0.0046650 0.0070058 0.0070103 0.0070080 0.0070183 0.0070183 0.0023251 0.0023259 0.0000000 0.7657205 0.7602263 0.9804967 0.7543221 
HHV6_U90__MW049323.1       0.7494189 0.7432095 0.7386246 0.7412319 0.7471193 0.7359070 0.7412319 0.7412319 0.7504470 0.7499974 0.7341667 0.7489788 0.7499974 0.7495281 0.7549201 0.7558202 0.7441536 0.7579365 0.7519570 0.7584107 0.7567458 0.7657205 0.0000000 0.0118762 0.0000010 0.1052097 
HHV6_U90__MW536483.1       0.7443220 0.7443220 0.7398065 0.7362753 0.7420447 0.7310538 0.7362753 0.7362753 0.7453219 0.7448487 0.7293586 0.7438536 0.7448487 0.7443889 0.7496751 0.7505531 0.7391201 0.7526100 0.7467527 0.7530746 0.7514515 0.7602263 0.0118762 0.0000000 0.0080600 0.0968529 
HHV6_U90__MN242397.1       0.9686605 0.9686605 0.9501776 0.9091286 0.9091286 0.8877649 0.9091286 0.9091286 0.9448317 0.9480196 0.8793631 0.9091286 0.9091286 0.9091286 0.9307206 0.9347387 0.8877649 0.9461619 0.9213093 0.9480196 0.9400119 0.9804967 0.0000010 0.0080600 0.0000000 0.2091356 
HHV6A_outgroup_KP257584.1  0.7273935 0.7273935 0.7228689 0.7302965 0.7360945 0.7250457 0.7302965 0.7302965 0.7394068 0.7388941 0.7278851 0.7378979 0.7388941 0.7384321 0.7437482 0.7446281 0.7331331 0.7466763 0.7466763 0.7471432 0.7455213 0.7543221 0.1052097 0.0968529 0.2091356 0.0000000 
